100 1000
81 81 81 556 556 556 556 556 556 556 556 556 556 556 556 81 81 81 81 81 81 81 556 556 556 81 81 81 81 81 81 81 81 81 81 81 81 81 81 81 81 556 556 556 556 556 556 556 81 81 81 556 556 556 556 556 556 556 556 81 81 81 81 81 81 81 81 81 81 81 81 81 81 81 81 556 556 556 556 556 556 81 81 81 81 81 81 81 81 81 81 556 556 556 81 81 81 556 556 556
49 52
9 13
69 75
9 15
86 89
21 26
15 19
30 34
2 7
57 65
14 22
83 90
17 24
71 78
28 37
30 37
60 68
18 21
4 8
54 62
92 97
54 57
37 41
71 74
45 54
90 96
78 85
11 15
93 96
32 36
79 82
71 80
73 80
38 41
45 52
36 45
62 65
23 29
12 17
6 10
16 23
66 72
69 72
21 26
70 77
75 80
53 57
2 6
65 68
51 60
3 7
3 11
28 34
58 64
58 63
13 20
37 43
29 38
8 13
89 94
70 75
71 74
66 69
30 38
12 21
32 38
85 94
49 57
3 11
31 35
40 47
79 83
80 89
9 14
42 48
39 47
57 60
31 34
47 55
3 9
75 80
30 35
38 46
68 76
42 49
10 17
54 57
76 85
57 63
77 82
61 66
74 82
47 54
8 15
39 48
29 38
31 37
13 22
21 29
35 38
40 46
35 40
19 26
9 17
56 61
18 23
76 80
57 64
2 9
41 45
89 97
64 71
72 76
86 93
54 57
35 44
35 44
34 42
43 47
92 99
46 52
83 87
55 61
81 90
57 60
31 38
37 42
83 91
77 82
79 86
63 70
66 74
29 37
92 99
54 58
70 79
55 60
40 44
21 28
38 41
22 26
28 35
88 97
25 33
20 28
11 15
48 53
48 57
10 19
58 61
46 52
43 48
94 98
33 40
6 11
8 15
49 54
61 69
36 45
15 21
70 73
93 96
24 28
87 90
35 43
71 75
73 80
84 92
0 8
67 72
21 26
89 98
64 70
42 46
17 21
31 38
1 5
4 8
33 38
15 23
74 79
80 84
27 34
76 79
13 20
53 58
94 98
57 65
68 74
30 39
15 24
75 79
38 41
87 93
19 23
89 95
86 90
96 99
64 68
37 46
76 79
78 83
51 59
49 58
62 69
67 74
80 83
82 90
38 42
92 98
46 49
52 61
72 75
14 22
77 85
28 37
14 23
85 90
90 98
32 35
2 10
34 38
89 98
29 35
59 68
50 59
85 92
30 35
88 91
92 98
59 62
77 84
64 72
62 66
88 91
13 22
72 79
20 27
73 79
63 70
67 70
54 61
7 16
86 93
23 27
66 74
54 61
37 46
37 42
27 30
45 50
29 34
88 93
68 75
81 89
67 72
11 14
28 35
39 46
92 98
50 53
23 28
12 19
4 7
68 73
18 22
27 33
87 91
41 50
68 72
84 89
82 88
23 28
62 71
69 76
43 48
58 63
44 50
71 75
52 59
92 97
57 66
54 61
40 49
24 27
4 11
41 49
88 92
87 95
44 49
60 67
38 41
22 30
85 89
14 19
14 20
91 95
16 23
18 24
27 32
64 72
51 54
75 81
92 95
23 29
61 70
32 41
26 33
19 23
45 48
63 68
91 96
17 20
82 90
1 7
18 23
88 94
25 34
38 45
76 79
48 54
23 30
70 73
37 42
13 17
70 79
16 21
94 99
85 94
30 35
91 98
86 91
31 39
35 43
14 19
63 66
7 11
86 92
52 60
27 32
27 36
11 16
39 44
44 48
50 54
65 71
61 64
76 79
75 84
74 79
75 78
88 95
33 42
45 51
39 46
47 51
83 86
90 98
65 69
13 16
61 68
29 36
2 11
62 66
0 8
44 53
10 19
12 20
34 43
9 18
72 80
11 14
24 27
11 20
36 45
74 77
83 90
20 24
38 44
86 90
22 25
79 84
79 86
1 10
32 39
57 65
27 31
8 14
86 94
15 22
64 73
16 24
56 61
76 80
5 13
82 85
91 97
26 31
85 93
71 74
42 45
58 66
27 32
22 30
85 91
32 41
66 71
15 18
26 32
43 50
26 35
54 62
50 55
21 27
17 26
49 57
42 49
34 41
43 52
48 54
11 16
74 79
6 9
65 74
81 88
38 42
31 39
62 66
25 32
56 60
39 45
28 37
9 13
79 85
84 92
62 66
31 36
91 97
85 93
50 55
1 5
66 72
78 85
35 38
60 65
43 49
54 60
61 68
11 20
53 56
65 68
71 79
91 96
51 60
7 16
45 50
32 36
0 4
21 27
23 28
20 25
3 8
55 62
65 70
65 71
29 37
1 10
57 63
8 16
82 86
47 52
70 76
78 87
17 21
33 37
56 62
14 23
16 22
50 53
44 52
87 90
59 67
60 68
18 21
40 49
58 67
54 61
63 67
60 69
27 31
82 87
77 85
28 32
10 19
58 65
25 34
26 35
57 65
22 27
82 88
20 28
73 78
16 19
51 55
29 34
92 97
6 13
11 19
32 35
37 43
19 22
82 90
1 10
40 45
7 12
12 19
45 53
2 8
44 50
16 21
90 97
10 15
8 17
84 88
67 73
0 6
87 90
43 46
73 79
48 57
35 44
81 87
43 52
62 68
67 70
12 15
87 90
39 44
95 98
46 52
44 50
61 66
45 50
14 19
75 83
9 12
76 81
19 27
13 19
81 88
52 56
66 71
48 54
44 49
33 40
56 62
9 12
6 13
13 16
15 19
12 19
28 33
57 60
22 30
77 81
50 59
23 28
84 91
94 97
38 45
96 99
47 50
14 17
2 6
15 20
40 45
68 72
69 75
85 94
60 64
40 47
62 67
18 21
54 63
82 89
26 29
54 62
46 52
75 79
90 95
91 95
36 41
7 15
3 8
75 82
77 80
13 18
23 32
28 32
60 64
58 67
46 53
73 82
12 21
23 27
15 21
24 28
76 81
94 98
48 52
95 99
74 82
28 37
12 19
59 65
39 44
46 50
55 61
23 31
12 18
53 56
4 8
44 53
23 26
78 86
50 56
11 20
82 90
81 90
1 9
63 67
18 21
29 35
77 85
61 70
56 61
3 6
8 16
14 21
18 21
9 13
72 76
4 10
89 96
80 87
9 17
69 74
29 33
37 43
17 26
56 64
53 59
2 5
5 9
52 55
41 50
45 49
86 95
45 50
33 40
75 84
1 10
72 75
22 30
27 33
65 68
65 71
71 75
54 61
73 80
75 81
2 5
71 78
1 5
38 46
17 21
92 95
94 98
62 71
10 17
79 84
74 83
54 58
63 69
86 89
70 74
53 60
59 64
12 19
18 26
22 25
57 60
90 99
48 53
79 88
67 73
73 82
22 29
38 43
36 45
89 93
77 82
82 88
0 4
30 35
90 99
35 38
62 70
48 57
38 44
28 32
30 36
9 12
47 56
88 94
92 96
55 58
6 11
31 40
79 88
27 33
70 77
93 97
86 93
62 71
53 60
40 47
56 61
22 30
10 18
5 12
3 10
80 83
19 26
13 16
29 34
17 21
54 60
59 65
12 20
46 55
14 23
8 14
92 95
49 53
41 48
24 30
6 15
14 23
83 89
92 98
85 93
78 84
56 60
66 69
45 48
23 26
37 45
84 88
3 11
84 92
32 41
64 67
52 60
18 21
83 92
67 72
81 87
58 64
82 86
67 74
47 51
91 95
81 88
41 50
94 97
58 67
90 93
72 75
82 86
37 43
14 21
29 37
81 89
38 42
82 87
84 92
34 41
14 20
6 11
66 72
11 15
80 86
58 64
10 19
12 21
50 57
50 58
23 28
22 27
37 40
12 18
39 42
3 10
52 59
74 77
58 63
7 15
8 12
1 5
70 78
70 75
61 68
21 25
82 91
88 93
62 70
84 87
11 18
96 99
85 94
87 92
50 56
3 9
88 91
8 12
89 94
16 24
11 16
94 97
42 49
43 49
47 52
18 27
71 78
29 34
36 44
56 63
91 95
71 76
7 16
22 31
20 27
26 29
75 79
60 63
0 7
43 50
64 67
58 64
9 16
46 54
76 85
18 21
58 66
24 33
1 6
18 27
45 54
22 25
66 73
55 63
88 94
5 14
83 87
2 9
92 97
17 26
79 86
59 65
13 17
14 22
36 40
12 19
34 38
39 46
51 59
39 48
46 52
23 29
71 80
10 19
14 18
0 5
43 49
34 39
6 11
51 57
41 48
42 45
19 24
13 19
4 13
16 19
69 75
34 38
38 46
87 96
21 29
61 64
44 49
95 98
81 85
72 81
59 67
45 54
63 67
61 66
69 73
71 74
57 61
36 44
67 70
29 32
72 75
92 96
45 51
38 46
31 38
86 89
20 26
33 39
64 72
66 72
7 10
30 37
20 29
58 66
31 38
12 16
22 31
66 73
31 40
42 48
93 98
93 97
9 18
47 55
13 21
56 65
47 55
46 55
62 67
56 62
83 91
22 27
68 75
8 11
67 76
2 11
47 52
83 88
55 62
56 64
13 18
5 10
85 89
29 37
81 88
27 36
71 79
50 58
70 78
39 45
15 19
58 64
91 94
39 44
65 71
26 35
57 65
84 93
51 59
30 39
79 88
59 62
58 63
73 79
44 53
94 98
47 56
7 12
69 78
73 80
80 88
71 76
71 75
80 85
77 84
73 76
66 69
48 55
19 22
16 21
27 35
87 95
31 37
82 87
14 19
40 46

